Zone 1 :
T3 : 239.37,363.39,396.51,417.47,439.58,451.45
Q6 : 202.62,254.37,326.63,371.03,408.73,420.16
T6 : 217.15,319.66,353.22,381.90,409.72,423.43
Q8 : 201.95,248.36,322.94,369.55,402.57,416.33

Zone 2 :
T3 : 186.81,305.40,315.97,318.93,340.58,347.22
Q6 : 137.44,193.42,264.42,268.06,330.96,323.17
T6 : 172.36,270.56,275.28,289.41,316.97,325.56
Q8 : 135.92,184.22,257.23,262.63,308.82,320.33

Zone 3 :
T3 : 139.73,226.53,231.88,230.38,254.86,256.12
Q6 : 112.01,151.70,203.43,207.56,226.47,225.59
T6 : 132.76,201.11,203.28,215.02,236.92,240.98
Q8 : 110.51,146.57,196.94,202.60,222.94,225.06

Zone 4 :
T3 : 123.22,158.16,194.86,199.54,206.59,218.41
Q6 : 86.84,146.77,156.07,173.16,190.54,203.34
T6 : 129.10,141.15,172.76,182.17,192.05,204.71
Q8 : 85.09,137.68,151.85,167.63,185.77,200.86

Zone 5 :
T3 : 62.28,100.12,166.70,259.45,352.82,448.01
Q6 : 39.99,70.17,114.12,179.40,245.38,313.25
T6 : 52.81,79.56,130.04,201.75,275.07,350.20
Q8 : 35.81,60.18,97.63,153.78,210.94,270.03

Zone 6 :
T3 : 49.81,65.55,110.66,173.64,237.02,301.23
Q6 : 41.63,45.99,73.40,116.56,160.75,207.36
T6 : 40.33,53.83,86.04,131.35,180.39,231.05
Q8 : 39.51,47.32,69.44,101.09,136.11,176.64